(85, 85) #log(A) zero indexed -> location of first error(/S_1), distance between errors
(11, 234)
(22, 213)
(18, 222)
(44, 171)
[]
(36, 189)
(54, 154)
(88, 87)
[]
[]
[]
(72, 123)
(128, 12)
(108, 53)
[]
(95, 81)
(119, 34)
[]
(75, 124)
[]
[]
[]
(24, 230)
(135, 9)
(114, 52)
(1, 24)
(118, 46)
(67, 149)
[]
[]
(10, 11)
(97, 93)
[]
(51, 187)
(78, 134)
[]
(89, 114)
(143, 7)
[]
[]
(94, 108)
[]
[]
[]
(91, 118)
(48, 205)
[]
(15, 18)
(124, 56)
(77, 151)
(123, 60)
(2, 48)
[]
(73, 163)
[]
(134, 43)
[]
[]
(155, 4)
[]
[]
(20, 22)
[]
(125, 69)
[]
[]
(32, 3)
(102, 119)
[]
(156, 13)
[]
[]
(86, 156)
(151, 27)
(116, 98)
(31, 14)
[]
[]
[]
[]
[]
(149, 39)
[]
[]
(17, 51)
[]
[]
[]
[]
(163, 19)
[]
(96, 155)
[]
[]
[]
(30, 36)
[]
(105, 143)
(148, 58)
(154, 47)
[]
(111, 135)
(115, 128)
(4, 96)
(142, 76)
[]
[]
(146, 71)
[]
[]
(19, 73)
(13, 86)
(129, 110)
[]
[]
[]
[]
(55, 8)
(7, 105)
[]
[]
[]
(152, 74)
(40, 44)
[]
[]
(171, 40)
(133, 117)
(9, 111)
[]
(27, 77)
[]
[]
(64, 6)
[]
(187, 17)
(165, 62)
[]
(12, 115)
(57, 26)
(59, 23)
[]
(5, 133)
[]
(39, 67)
(172, 57)
[]
(47, 54)
[]
(173, 59)
[]
(62, 28)
(189, 30)
[]
[]
[]
(205, 2)
[]
[]
[]
(16, 129)
[]
[]
(43, 78)
(58, 49)
[]
[]
[]
[]
(34, 102)
[]
[]
[]
[]
[]
[]
(74, 29)
[]
(185, 64)
(71, 38)
[]
[]
(46, 91)
(192, 55)
[]
[]
(56, 75)
[]
(76, 37)
[]
(213, 20)
(60, 72)
(52, 89)
[]
[]
(210, 31)
(6, 185)
(41, 116)
(69, 61)
(53, 94)
[]
[]
[]
(222, 15)
[]
(230, 1)
[]
(8, 192)
[]
(29, 152)
[]
[]
[]
[]
[]
(37, 142)
(220, 32)
[]
(23, 173)
[]
(28, 165)
(38, 146)
(234, 10)
(26, 172)
[]
(3, 220)
(65, 97)
[]
[]
[]
[]
[]
[]
[]
[]
(110, 16)
(98, 41)
(14, 210)
(117, 5)
[]
(81, 79)
[]
[]
[]
[]
(49, 148)
(61, 125)
(80, 88)
[]
[]
(93, 65)
[]
(79, 95)
(87, 80)